#
# 24-well plate.
# 2023 ipro 0201v10a au/0201a.
# In comp--prog--prs-namespace--03_acc.
# Altered:  2026 ipro 1001v06c au 1001b.

!fidu
x1   24786   10849
x2  -26213   -9150

!well_center
1   47795   28687
2   28677   28687
3    9558   28687
4   -9559   28687
5  -28677   28687
6  -47795   28687
7   47795    9562
8   28677    9562
9    9558    9562
10   -9559    9562
11  -28677    9562
12  -47795    9562
13   47795   -9562
14   28677   -9562
15    9558   -9562
16   -9559   -9562
17  -28677   -9562
18  -47795   -9562
19   47795  -28686
20   28677  -28686
21    9558  -28686
22   -9559  -28686
23  -28677  -28686
24  -47795  -28686

!ins_center
1   47795   28687
2   28677   28687
3    9558   28687
4   -9559   28687
5  -28677   28687
6  -47795   28687
7   47795    9562
8   28677    9562
9    9558    9562
10   -9559    9562
11  -28677    9562
12  -47795    9562
13   47795   -9562
14   28677   -9562
15    9558   -9562
16   -9559   -9562
17  -28677   -9562
18  -47795   -9562
19   47795  -28686
20   28677  -28686
21    9558  -28686
22   -9559  -28686
23  -28677  -28686
24  -47795  -28686


