#
# 12-well plate
# Created using 2022 ipro 0120v12a--prs-proscan_control_acc,
# au 0606a_generate_muwp_plate_w12h/pro/z01b.data and doing
# some manual alts.
# Altered:  2026 ipro 1001v06c au 1001b.

!fidu
x1   24500   11500
x2  -26500   -8500

!well_center
1   39000   26000
2   13000   26000
3  -13000   26000
4  -39000   26000
5   39000       0
6   13000       0
7  -13000       0
8  -39000       0
9   39000  -26000
10   13000  -26000
11  -13000  -26000
12  -39000  -26000

!ins_center
1   39000   26000
2   13000   26000
3  -13000   26000
4  -39000   26000
5   39000       0
6   13000       0
7  -13000       0
8  -39000       0
9   39000  -26000
10   13000  -26000
11  -13000  -26000
12  -39000  -26000


