#
# Created from:  muwp_plate_20230428_084435.data
# 12-well plate with small millicells in bottom right
# of each well.
# Altered:  2026 ipro 1001v06c au 1001b.

!fidu
x1   24500   11500
x2  -26500   -8500

!well_center
1   39000   26000
2   13000   26000
3  -13000   26000
4  -39000   26000
5   39000       0
6   13000       0
7  -13000       0
8  -39000       0
9   39000  -26000
10   13000  -26000
11  -13000  -26000
12  -39000  -26000

!ins_center
1   36075   23033
2    9944   23197
3  -15944   23236
4  -42054   23059
5   35957   -2696
6    9738   -2777
7  -16549   -2451
8  -42504   -2396
9   35383  -28384
10    8942  -27876
11  -16524  -28461
12  -41908  -29131


