#
# 96-well plate.
# 2022 ipro 0120v12a--prs-proscan_control_acc/
# au 0819a_muwp_96_well_plate/
# Altered:  2026 ipro 1001v06c au 1001b.

!fidu
x1   18870    -151
x2  -20129    -151

!well_center
1   49637   31587
2   40612   31587
3   31587   31587
4   22562   31587
5   13537   31587
6    4512   31587
7   -4512   31587
8  -13537   31587
9  -22562   31587
10  -31587   31587
11  -40612   31587
12  -49637   31587
13   49637   22562
14   40612   22562
15   31587   22562
16   22562   22562
17   13537   22562
18    4512   22562
19   -4512   22562
20  -13537   22562
21  -22562   22562
22  -31587   22562
23  -40612   22562
24  -49637   22562
25   49637   13537
26   40612   13537
27   31587   13537
28   22562   13537
29   13537   13537
30    4512   13537
31   -4512   13537
32  -13537   13537
33  -22562   13537
34  -31587   13537
35  -40612   13537
36  -49637   13537
37   49637    4512
38   40612    4512
39   31587    4512
40   22562    4512
41   13537    4512
42    4512    4512
43   -4512    4512
44  -13537    4512
45  -22562    4512
46  -31587    4512
47  -40612    4512
48  -49637    4512
49   49637   -4512
50   40612   -4512
51   31587   -4512
52   22562   -4512
53   13537   -4512
54    4512   -4512
55   -4512   -4512
56  -13537   -4512
57  -22562   -4512
58  -31587   -4512
59  -40612   -4512
60  -49637   -4512
61   49637  -13537
62   40612  -13537
63   31587  -13537
64   22562  -13537
65   13537  -13537
66    4512  -13537
67   -4512  -13537
68  -13537  -13537
69  -22562  -13537
70  -31587  -13537
71  -40612  -13537
72  -49637  -13537
73   49637  -22562
74   40612  -22562
75   31587  -22562
76   22562  -22562
77   13537  -22562
78    4512  -22562
79   -4512  -22562
80  -13537  -22562
81  -22562  -22562
82  -31587  -22562
83  -40612  -22562
84  -49637  -22562
85   49637  -31587
86   40612  -31587
87   31587  -31587
88   22562  -31587
89   13537  -31587
90    4512  -31587
91   -4512  -31587
92  -13537  -31587
93  -22562  -31587
94  -31587  -31587
95  -40612  -31587
96  -49637  -31587

!ins_center
1   49637   31587
2   40612   31587
3   31587   31587
4   22562   31587
5   13537   31587
6    4512   31587
7   -4512   31587
8  -13537   31587
9  -22562   31587
10  -31587   31587
11  -40612   31587
12  -49637   31587
13   49637   22562
14   40612   22562
15   31587   22562
16   22562   22562
17   13537   22562
18    4512   22562
19   -4512   22562
20  -13537   22562
21  -22562   22562
22  -31587   22562
23  -40612   22562
24  -49637   22562
25   49637   13537
26   40612   13537
27   31587   13537
28   22562   13537
29   13537   13537
30    4512   13537
31   -4512   13537
32  -13537   13537
33  -22562   13537
34  -31587   13537
35  -40612   13537
36  -49637   13537
37   49637    4512
38   40612    4512
39   31587    4512
40   22562    4512
41   13537    4512
42    4512    4512
43   -4512    4512
44  -13537    4512
45  -22562    4512
46  -31587    4512
47  -40612    4512
48  -49637    4512
49   49637   -4512
50   40612   -4512
51   31587   -4512
52   22562   -4512
53   13537   -4512
54    4512   -4512
55   -4512   -4512
56  -13537   -4512
57  -22562   -4512
58  -31587   -4512
59  -40612   -4512
60  -49637   -4512
61   49637  -13537
62   40612  -13537
63   31587  -13537
64   22562  -13537
65   13537  -13537
66    4512  -13537
67   -4512  -13537
68  -13537  -13537
69  -22562  -13537
70  -31587  -13537
71  -40612  -13537
72  -49637  -13537
73   49637  -22562
74   40612  -22562
75   31587  -22562
76   22562  -22562
77   13537  -22562
78    4512  -22562
79   -4512  -22562
80  -13537  -22562
81  -22562  -22562
82  -31587  -22562
83  -40612  -22562
84  -49637  -22562
85   49637  -31587
86   40612  -31587
87   31587  -31587
88   22562  -31587
89   13537  -31587
90    4512  -31587
91   -4512  -31587
92  -13537  -31587
93  -22562  -31587
94  -31587  -31587
95  -40612  -31587
96  -49637  -31587


